2
4
6
7
8
11
12
15
18
22
24
25
26
27
30
34
41
44
45
48
50
51
59
62
65
66
68
69
72
74
76
81
83
91
92
93
98
99
100
104
108
109
110
115
116
117
118
119
120
121
122
123
124
125
129
130
132
134
136
144
147
151
152
154
158
159
160
161
164
166
172
173
176
177
178
179
180
184
189
191
194
195
197
198
200
202
204
205
207
212
213
219
227
228
229
230
231
233
237
241
244
247
255
263
267
275
277
279
281
285
286
294
297
298
300
301
305
306
307
308
311
312
313
315
316
317
318
320
321
322
323
324
325
394
398
401
404
406
407
408
409
413
415
419
421
422
423
424
425
427
428
429
430
431
432
433
1
3
5
9
13
14
16
17
19
32
35
38
40
43
54
57
58
63
64
78
79
80
86
88
89
94
95
97
102
103
105
107
112
114
127
137
139
141
142
145
146
163
169
181
182
183
185
186
190
199
203
211
216
221
222
223
224
234
238
245
248
249
252
262
266
272
284
299
303
304
309
396
397
399
400
411
418
435
439
